       0     1     2     3     4     5     6     7     8     9 
    +-----+-----+-----+-----+-----+-----+-----+-----+-----+-----+
    |  	  |    	|     |	    |	  |	|     |	    | 	  |     | 	    	     
    |     |     |     |     |     |    	|     |     |     |    	| 	  	    	  	     
    |  	  |    	|     |     |  	  |  	|     |     |  	  |    	| 	  	    	  	    
    +-----+-----+-----+-----+-----+-----+-----+-----+-----+-----+
       |     |     |     |     |     |     |     |     |     | 
       |     |     |     |     |     |     |     |     |     | 
       v     v     v     v     v     v     v     v     v     v 
      002   211   321				      885   892 
	    512	  425				      	       
  	    217	  326				   	       
		  127					       
		     					       
       0     1     2     3     4     5     6     7     8     9 
    +-----+-----+-----+-----+-----+-----+-----+-----+-----+-----+
    |  	  |    	|     |	    |	  |	|     |	    |	  |     | 	    	     
    | 002 | 211 | 512 | 217 | 321 | 425	| 326 | 127 | 885 | 892	| 	  	    	  	     
    |  	  |    	|     |     |  	  |  	|     |     |  	  |   	| 	  	    	  	    
    +-----+-----+-----+-----+-----+-----+-----+-----+-----+-----+
	       						     
