       0     1     2     3     4     5     6     7     8     9 
    +-----+-----+-----+-----+-----+-----+-----+-----+-----+-----+
    |  	  |    	|     |	    |	  |	|     |	    | 	  |     | 	    	     
    |     |     |     |     |     |    	|     |     |     |    	| 	  	    	  	     
    |  	  |    	|     |     |  	  |  	|     |     |  	  |    	| 	  	    	  	    
    +-----+-----+-----+-----+-----+-----+-----+-----+-----+-----+
       |     |     |     |     |     |     |     |     |     | 
       |     |     |     |     |     |     |     |     |     | 
       v     v     v     v     v     v     v     v     v     v 
      002   127   211   321   425   512               885
		  217 	326	 	              892

       0     1     2     3     4     5     6     7     8     9 
    +-----+-----+-----+-----+-----+-----+-----+-----+-----+-----+
    |  	  |    	|     |	    |	  |	|     |	    |	  |     | 	    	     
    | 002 | 127 | 211 | 217 | 321 | 326	| 425 | 512 | 885 | 892	| 	  	    	  	     
    |  	  |    	|     |     |  	  |  	|     |     |  	  |   	| 	  	    	  	    
    +-----+-----+-----+-----+-----+-----+-----+-----+-----+-----+
