       0     1     2     3     4     5     6     7     8     9 
    +-----+-----+-----+-----+-----+-----+-----+-----+-----+-----+
    |  	  |    	|     |	    |	  |	|     |	    |	  |     | 	    	     
    |     |     |     |     |     |    	|     |     |     |    	| 	  	    	  	     
    |  	  |    	|     |     |  	  |  	|     |     |  	  |   	| 	  	    	  	    
    +-----+-----+-----+-----+-----+-----+-----+-----+-----+-----+
	       						     
     	       						     
    	       						 
      	       						 
       0     1     2     3     4     5     6     7     8     9 
    +-----+-----+-----+-----+-----+-----+-----+-----+-----+-----+
    | 	  |    	|     |	    |	  |	|     |	    | 	  |     | 	    	     
    | 321 | 425 | 127 | 211 | 002 | 326	| 217 | 512 | 885 | 892	| 	  	    	  	     
    |  	  |    	|     |     |  	  |  	|     |     |  	  |   	| 	  	    	  	    
    +-----+-----+-----+-----+-----+-----+-----+-----+-----+-----+
      	       					      	      
      	       					      	       
       0     1     2     3     4     5     6     7     8     9 
    +-----+-----+-----+-----+-----+-----+-----+-----+-----+-----+
    |  	  |    	|     |	    |	  |	|     |	    | 	  |     | 	    	     
    |     |     |     |     |     |    	|     |     |     |    	| 	  	    	  	     
    |  	  |    	|     |     |  	  |  	|     |     |  	  |    	| 	  	    	  	    
    +-----+-----+-----+-----+-----+-----+-----+-----+-----+-----+
       |     |     |     |     |     |     |     |     |     | 
       |     |     |     |     |     |     |     |     |     | 
       v     v     v     v     v     v     v     v     v     v 
            321   002               425   326   127   	       
 	    211   512               885	        217   	       
	       	  892				      	       
	       	     				      	       
	       	     				      	       
       0     1     2     3     4     5     6     7     8     9 
    +-----+-----+-----+-----+-----+-----+-----+-----+-----+-----+
    |  	  |    	|     |	    |	  |	|     |	    | 	  |     | 	    	     
    | 321 | 211 | 002 | 512 | 892 | 425	| 885 | 326 | 127 | 217	| 	  	    	  	     
    |  	  |    	|     |     |  	  |  	|     |     |  	  |    	| 	  	    	  	    
    +-----+-----+-----+-----+-----+-----+-----+-----+-----+-----+
	       						       
	       						       
       0     1     2     3     4     5     6     7     8     9 
    +-----+-----+-----+-----+-----+-----+-----+-----+-----+-----+
    |  	  |    	|     |	    |	  |	|     |	    | 	  |     | 	    	     
    |     |     |     |     |     |    	|     |     |     |    	| 	  	    	  	     
    |  	  |    	|     |     |  	  |  	|     |     |  	  |    	| 	  	    	  	    
    +-----+-----+-----+-----+-----+-----+-----+-----+-----+-----+
       |     |     |     |     |     |     |     |     |     | 
       |     |     |     |     |     |     |     |     |     | 
       v     v     v     v     v     v     v     v     v     v 
      002   211   321				      885   892 
	    512	  425				      	       
  	    217	  326				   	       
		  127					       
		     					       
       0     1     2     3     4     5     6     7     8     9 
    +-----+-----+-----+-----+-----+-----+-----+-----+-----+-----+
    |  	  |    	|     |	    |	  |	|     |	    |	  |     | 	    	     
    | 002 | 211 | 512 | 217 | 321 | 425	| 326 | 127 | 885 | 892	| 	  	    	  	     
    |  	  |    	|     |     |  	  |  	|     |     |  	  |   	| 	  	    	  	    
    +-----+-----+-----+-----+-----+-----+-----+-----+-----+-----+
	       						     
							 
       0     1     2     3     4     5     6     7     8     9 
    +-----+-----+-----+-----+-----+-----+-----+-----+-----+-----+
    |  	  |    	|     |	    |	  |	|     |	    | 	  |     | 	    	     
    |     |     |     |     |     |    	|     |     |     |    	| 	  	    	  	     
    |  	  |    	|     |     |  	  |  	|     |     |  	  |    	| 	  	    	  	    
    +-----+-----+-----+-----+-----+-----+-----+-----+-----+-----+
       |     |     |     |     |     |     |     |     |     | 
       |     |     |     |     |     |     |     |     |     | 
       v     v     v     v     v     v     v     v     v     v 
      002   127   211   321   425   512               885
		  217 	326	 	              892

       0     1     2     3     4     5     6     7     8     9 
    +-----+-----+-----+-----+-----+-----+-----+-----+-----+-----+
    |  	  |    	|     |	    |	  |	|     |	    |	  |     | 	    	     
    | 002 | 127 | 211 | 217 | 321 | 326	| 425 | 512 | 885 | 892	| 	  	    	  	     
    |  	  |    	|     |     |  	  |  	|     |     |  	  |   	| 	  	    	  	    
    +-----+-----+-----+-----+-----+-----+-----+-----+-----+-----+
